0,547
0,546
0,545
0,544
0,543
0,542
51,3
51,2
51,1
51,0
50,3
50,2
50,1
50,0
0,541
49,3
49,2
49,1
49,0
0,540
48,3
48,2
0,539
48,1
48,0
47,3
47,2
47,1
47,0
46,3
46,2
0,538
46,1
46,0
0,537
45,3
45,2
45,1
45,0
0,536
44,3
44,2
44,1
44,0
0,535
43,3
43,2
43,1
43,0
42,3
42,2
42,1
42,0
33,2
33,0
14,2
14,0
0,278
0,9
0,534
0,533
0,532
0,531
0,388
0,243
0,530
35,9
35,8
0,529
0,528
0,527
31,4
0,526
0,525
31,5
33,5
33,4
32,4
31,6
14,5
33,3
32,1
32,3
31,1
31,3
41,35
10,273
10,8
10,195
10,207
10,88
10,120
10,101
10,127
11,8
11,11
11,28
39,3
11,12
39,2
39,1
11,24
39,0
38,3
38,2
38,1
9,6
9,4
38,0
35,7
35,6
35,5
35,4
35,3
35,2
35,1
8,12
8,15
8,11
35,0
34,5
34,4
34,3
34,2
34,1
34,0
33,25
33,24
33,23
33,22
33,21
33,20
33,19
33,18
33,17
33,16
33,15
